20
20 39
1 11
1 12
1 14
1 15
2 12
2 18
3 11
3 13
3 15
3 18
3 19
4 14
4 15
4 17
5 11
5 14
5 15
5 17
5 18
5 20
6 14
6 16
6 17
6 19
7 11
7 17
7 18
7 19
8 14
8 16
8 18
9 15
9 16
9 18
9 19
10 11
10 12
10 18
10 20
20 43
1 11
1 15
1 18
1 19
1 20
2 12
2 15
2 17
2 19
2 20
3 13
3 14
3 15
3 18
4 14
4 16
4 17
4 18
5 11
5 12
5 15
5 20
6 11
6 14
6 15
6 16
6 17
7 11
7 17
7 19
8 15
8 16
8 18
8 19
9 13
9 16
9 19
9 20
10 11
10 12
10 14
10 15
10 20
20 43
1 11
1 15
1 16
1 18
1 19
1 20
2 12
2 17
2 18
2 20
3 13
3 15
3 17
3 19
3 20
4 14
4 17
4 18
4 19
5 12
5 15
6 13
6 15
6 16
6 20
7 13
7 14
7 16
7 17
7 18
7 19
7 20
8 16
8 17
8 18
9 12
9 13
9 14
9 15
9 16
9 19
10 14
10 20
20 43
1 11
1 14
1 18
1 19
2 11
2 12
2 15
2 16
2 18
3 13
3 16
3 18
3 19
4 13
4 14
4 15
4 16
5 11
5 15
5 16
5 17
5 19
6 16
6 17
6 18
6 20
7 11
7 13
7 17
7 20
8 18
8 19
9 12
9 14
9 16
9 18
9 19
9 20
10 14
10 17
10 18
10 19
10 20
20 46
1 11
1 13
1 14
1 16
1 17
1 18
1 19
1 20
2 12
2 13
2 15
2 16
2 17
2 18
3 11
3 13
3 15
3 20
4 14
4 18
4 19
5 13
5 15
5 17
6 12
6 13
6 14
6 15
6 16
6 18
7 14
7 15
7 16
7 17
7 20
8 17
8 18
8 20
9 17
9 19
10 11
10 12
10 13
10 14
10 16
10 20
20 39
1 11
1 15
1 19
2 11
2 12
2 18
3 11
3 12
3 13
3 18
3 19
3 20
4 13
4 14
4 15
5 11
5 13
5 15
5 16
6 16
6 18
6 19
6 20
7 11
7 12
7 13
7 17
7 18
7 19
8 14
8 18
8 19
8 20
9 11
9 15
9 19
10 11
10 13
10 20
20 37
1 11
1 13
1 14
1 16
1 18
2 11
2 12
2 15
2 17
2 18
2 19
3 12
3 13
4 14
4 16
4 20
5 12
5 15
5 16
5 17
5 20
6 13
6 16
6 17
7 15
7 16
7 17
7 19
8 12
8 14
8 16
8 18
9 14
9 19
10 14
10 17
10 20
20 37
1 11
1 12
1 18
1 20
2 11
2 12
2 15
2 17
2 19
2 20
3 11
3 12
3 13
3 18
3 19
4 13
4 14
4 19
5 15
5 18
5 20
6 13
6 14
6 16
7 11
7 16
7 17
7 18
8 14
8 16
8 18
8 20
9 13
9 18
9 19
10 13
10 20
20 38
1 11
1 13
2 12
2 15
2 16
3 11
3 13
3 15
3 16
3 17
4 13
4 14
5 13
5 14
5 15
5 18
6 14
6 16
6 17
6 20
7 14
7 15
7 17
7 18
8 11
8 13
8 16
8 18
8 19
9 15
9 16
9 17
9 18
9 19
10 11
10 16
10 18
10 20
20 39
1 11
1 13
1 17
2 11
2 12
2 16
2 18
2 20
3 11
3 13
3 19
4 13
4 14
4 18
5 11
5 13
5 15
5 19
6 11
6 12
6 16
6 17
6 20
7 15
7 16
7 17
8 12
8 13
8 14
8 16
8 18
8 19
8 20
9 14
9 19
10 15
10 16
10 17
10 20
20 42
1 11
1 16
2 12
2 13
2 14
2 16
2 18
3 11
3 13
3 19
4 11
4 14
4 15
4 17
4 18
5 12
5 14
5 15
5 17
5 19
6 12
6 13
6 14
6 15
6 16
6 17
6 19
7 12
7 17
7 18
7 19
8 11
8 12
8 16
8 18
8 20
9 15
9 16
9 19
9 20
10 14
10 20
20 38
1 11
1 12
1 15
2 11
2 12
2 14	
2 16
2 17
2 18
2 20
3 13
3 14
3 18
3 20
4 13
4 14
4 15
5 11
5 15
5 17
5 19
5 20
6 16
6 18
6 19
7 12
7 17
7 18
7 19
8 12
8 16
8 18
8 20
9 13
9 16
9 19
10 17
10 20
20 40
1 11
1 13
1 14
1 16
1 17
2 12
2 13
2 15
2 18
2 20
3 13
4 12
4 14
4 15
4 16
4 17
4 18
5 11
5 15
6 12
6 13
6 15
6 16
6 19
7 11
7 13
7 15
7 17
7 20
8 11
8 15
8 17
8 18
8 19
9 14
9 16
9 19
10 11
10 19
10 20
20 41
1 11
1 13
1 15
1 17
2 12
2 16
2 17
2 18
2 19
3 11
3 13
3 16
3 17
4 11
4 13
4 14
4 15
4 18
4 20
5 12
5 14
5 15
5 20
6 12
6 15
6 16
6 19
6 20
7 14
7 17
7 18
7 19
8 15
8 18
9 11
9 14
9 18
9 19
10 17
10 18
10 20
20 39
1 11
1 13
1 14
1 15
1 20
2 12
2 13
2 14
2 19
2 20
3 13
3 14
3 16
4 14
4 15
4 18
4 20
5 13
5 15
5 20
6 13
6 16
6 18
6 19
6 20
7 12
7 15
7 17
8 11
8 16
8 17
8 18
8 20
9 14
9 15
9 17
9 19
10 13
10 20
20 40
1 11
1 13
1 15
1 17
1 18
1 20
2 12
2 15
2 16
2 17
3 11
3 13
3 14
3 18
3 19
4 11
4 13
4 14
4 16
4 17
4 19
5 15
5 16
5 20
6 12
6 14
6 16
6 17
7 15
7 17
7 18
8 16
8 18
8 20
9 13
9 18
9 19
10 14
10 18
10 20
20 38
1 11
1 16
1 19
2 12
2 18
2 20
3 11
3 13
3 14
3 15
3 16
3 20
4 14
4 16
4 17
5 15
5 18
6 13
6 14
6 16
6 19
7 12
7 15
7 17
7 19
7 20
8 18
8 20
9 13
9 14
9 16
9 17
9 19
10 11
10 13
10 14
10 19
10 20
20 39
1 11
1 18
1 20
2 12
2 13
3 12
3 13
3 14
3 15
3 17
4 11
4 12
4 14
4 18
5 12
5 15
5 17
5 19
5 20
6 11
6 13
6 14
6 16
6 19
7 13
7 14
7 17
8 11
8 16
8 18
8 19
9 15
9 18
9 19
9 20
10 12
10 14
10 17
10 20
20 39
1 11
1 12
1 14
1 16
1 20
2 11
2 12
3 13
3 16
3 17
3 18
3 19
4 11
4 14
4 16
4 18
4 19
5 13
5 15
5 17
6 11
6 13
6 16
6 17
7 16
7 17
7 19
7 20
8 14
8 16
8 17
8 18
9 15
9 19
10 11
10 12
10 15
10 17
10 20
20 38
1 11
1 12
1 14
1 16
1 19
1 20
2 11
2 12
3 12
3 13
3 15
3 19
3 20
4 14
4 15
4 19
5 13
5 15
5 16
6 11
6 12
6 16
6 20
7 11
7 15
7 16
7 17
8 18
9 13
9 14
9 15
9 19
10 12
10 13
10 14
10 16
10 19
10 20
